427.6234436035156 369.2828063964844
427.6234436035156 369.2828063964844
430.58660888671875 358.9117126464844
430.58660888671875 358.9117126464844
433.8406982421875 345.8953857421875
433.8406982421875 345.8953857421875
437.7388916015625 320.55718994140625
437.7388916015625 320.55718994140625
447.7388916015625 294.55718994140625
447.7388916015625 294.55718994140625
457.7388916015625 270.55718994140625
457.7388916015625 270.55718994140625
469.7388916015625 244.55718994140625
469.7388916015625 244.55718994140625
479.7388916015625 216.55718994140625
479.7388916015625 216.55718994140625
495.7388916015625 188.5571746826172
495.7388916015625 188.5571746826172
509.7388916015625 168.5571746826172
509.7388916015625 168.5571746826172
525.7388916015625 148.5571746826172
525.7388916015625 148.5571746826172
551.7388916015625 132.5571746826172
551.7388916015625 132.5571746826172
583.7388916015625 118.55717468261719
583.7388916015625 118.55717468261719
613.7388916015625 108.55717468261719
613.7388916015625 108.55717468261719
637.7388916015625 100.55717468261719
637.7388916015625 100.55717468261719
653.3856811523438 94.68963623046875
653.3856811523438 94.68963623046875
686.6351318359375 88.82208251953125
686.6351318359375 88.82208251953125
714.6351318359375 86.82208251953125
714.6351318359375 86.82208251953125
740.6351318359375 84.82208251953125
740.6351318359375 84.82208251953125
766.6351318359375 84.82208251953125
766.6351318359375 84.82208251953125
788.6351318359375 86.82208251953125
788.6351318359375 86.82208251953125
805.9938354492188 88.75083923339844
805.9938354492188 88.75083923339844
820.1489868164063 94.05902099609375
820.1489868164063 94.05902099609375
834.8295288085938 105.06941223144531
834.8295288085938 105.06941223144531
850.0045776367188 114.55381774902344
850.0045776367188 114.55381774902344
865.8132934570313 132.33860778808594
865.8132934570313 132.33860778808594
879.4189453125 142.0569305419922
879.4189453125 142.0569305419922
897.0333862304688 159.67138671875
897.0333862304688 159.67138671875
919.0333862304688 179.67138671875
919.0333862304688 179.67138671875
941.0333862304688 201.67138671875
941.0333862304688 201.67138671875
955.0333862304688 219.67138671875
955.0333862304688 219.67138671875
977.0333862304688 245.67138671875
977.0333862304688 245.67138671875
991.0333862304688 261.67138671875
991.0333862304688 261.67138671875
1009.0333862304688 277.67138671875
1009.0333862304688 277.67138671875
1014.85205078125 293.187744140625
1014.85205078125 293.187744140625
1024.6319580078125 318.6153869628906
1024.6319580078125 318.6153869628906
1032.6319580078125 340.6153869628906
1032.6319580078125 340.6153869628906
1038.6319580078125 368.6153869628906
1038.6319580078125 368.6153869628906
1040.6319580078125 392.6153869628906
1040.6319580078125 392.6153869628906
1044.4703369140625 407.9693298339844
1044.4703369140625 407.9693298339844
1046.286376953125 426.1292419433594
1046.286376953125 426.1292419433594
1046.286376953125 440.5361328125
1046.286376953125 440.5361328125
1046.286376953125 449.6773681640625
1046.286376953125 449.6773681640625
1047.6763916015625 458.01715087890625
1047.6763916015625 458.01715087890625
1047.6763916015625 463.0299072265625
1047.6763916015625 463.0299072265625
1047.6763916015625 465.066650390625
1047.6763916015625 465.066650390625
1047.6763916015625 466.066650390625
1047.6763916015625 466.066650390625
1047.6763916015625 467.066650390625
1047.6763916015625 467.066650390625
1047.6763916015625 468.066650390625
1047.6763916015625 468.066650390625
1046.78125 468.066650390625
1046.78125 468.066650390625
1044.972900390625 467.1624755859375
1044.972900390625 467.1624755859375
1043.972900390625 465.1624755859375
1043.972900390625 465.1624755859375
1039.4747314453125 460.66424560546875
1039.4747314453125 460.66424560546875
1035.4283447265625 453.92022705078125
1035.4283447265625 453.92022705078125
1027.9447021484375 444.93988037109375
1027.9447021484375 444.93988037109375
1017.8624267578125 434.8576354980469
1017.8624267578125 434.8576354980469
1005.4157104492188 424.18902587890625
1005.4157104492188 424.18902587890625
997.2428588867188 417.6507568359375
997.2428588867188 417.6507568359375
993.2103881835938 412.2741394042969
993.2103881835938 412.2741394042969
986.6874389648438 408.3603515625
986.6874389648438 408.3603515625
983.0609741210938 405.9427185058594
983.0609741210938 405.9427185058594
978.455322265625 402.4884948730469
978.455322265625 402.4884948730469
975.0902099609375 401.3667907714844
975.0902099609375 401.3667907714844
973.0902099609375 399.3667907714844
973.0902099609375 399.3667907714844
970.0902099609375 398.3667907714844
970.0902099609375 398.3667907714844
969.0902099609375 398.3667907714844
969.0902099609375 398.3667907714844
968.0902099609375 397.3667907714844
968.0902099609375 397.3667907714844
967.0902099609375 397.3667907714844
967.0902099609375 397.3667907714844
966.1027221679688 397.3667907714844
966.1027221679688 397.3667907714844
965.1151733398438 399.34185791015625
965.1151733398438 399.34185791015625
963.1151733398438 401.34185791015625
963.1151733398438 401.34185791015625
962.1151733398438 404.34185791015625
962.1151733398438 404.34185791015625
960.1151733398438 406.34185791015625
960.1151733398438 406.34185791015625
957.9738159179688 410.62457275390625
957.9738159179688 410.62457275390625
954.4952392578125 414.1031188964844
954.4952392578125 414.1031188964844
952.1776733398438 418.7383117675781
952.1776733398438 418.7383117675781
948.7012939453125 422.2146911621094
948.7012939453125 422.2146911621094
946.5018310546875 425.51385498046875
946.5018310546875 425.51385498046875
944.4798583984375 427.53582763671875
944.4798583984375 427.53582763671875
943.4798583984375 429.53582763671875
943.4798583984375 429.53582763671875
941.4798583984375 431.53582763671875
941.4798583984375 431.53582763671875
940.4798583984375 432.53582763671875
940.4798583984375 432.53582763671875
939.4798583984375 433.53582763671875
939.4798583984375 433.53582763671875
937.4798583984375 433.53582763671875
937.4798583984375 433.53582763671875
935.4798583984375 433.53582763671875
935.4798583984375 433.53582763671875
933.4798583984375 433.53582763671875
933.4798583984375 433.53582763671875
931.4798583984375 432.53582763671875
931.4798583984375 432.53582763671875
929.4798583984375 432.53582763671875
929.4798583984375 432.53582763671875
925.4061889648438 432.53582763671875
925.4061889648438 432.53582763671875
915.8944091796875 428.4593505859375
915.8944091796875 428.4593505859375
904.4303588867188 421.908447265625
904.4303588867188 421.908447265625
892.7576904296875 415.2383728027344
892.7576904296875 415.2383728027344
881.296630859375 410.32647705078125
881.296630859375 410.32647705078125
873.6773681640625 404.2310791015625
873.6773681640625 404.2310791015625
863.0149536132813 399.6614990234375
863.0149536132813 399.6614990234375
860.3530883789063 395.66864013671875
860.3530883789063 395.66864013671875
860.3530883789063 392.6129455566406
860.3530883789063 392.6129455566406
857.3530883789063 390.6129455566406
857.3530883789063 390.6129455566406
856.3530883789063 390.6129455566406
856.3530883789063 390.6129455566406
856.3530883789063 389.6129455566406
856.3530883789063 389.6129455566406
856.3530883789063 390.5657043457031
856.3530883789063 390.5657043457031
856.3530883789063 394.449462890625
856.3530883789063 394.449462890625
852.974609375 397.82794189453125
852.974609375 397.82794189453125
848.0115966796875 402.79095458984375
848.0115966796875 402.79095458984375
842.6610717773438 408.1414489746094
842.6610717773438 408.1414489746094
837.3115844726563 413.490966796875
837.3115844726563 413.490966796875
833.590087890625 417.21246337890625
833.590087890625 417.21246337890625
824.2601928710938 417.21246337890625
824.2601928710938 417.21246337890625
817.3019409179688 418.6041259765625
817.3019409179688 418.6041259765625
805.5855712890625 420.06866455078125
805.5855712890625 420.06866455078125
800.0000610351563 421.4650573730469
800.0000610351563 421.4650573730469
794.0276489257813 422.6595153808594
794.0276489257813 422.6595153808594
787.7132568359375 423.9223937988281
787.7132568359375 423.9223937988281
779.7784423828125 423.9223937988281
779.7784423828125 423.9223937988281
771.4718627929688 423.9223937988281
771.4718627929688 423.9223937988281
764.8551635742188 422.59906005859375
764.8551635742188 422.59906005859375
756.7821044921875 419.9080505371094
756.7821044921875 419.9080505371094
756.7821044921875 418.79412841796875
756.7821044921875 418.79412841796875
752.6650390625 416.735595703125
752.6650390625 416.735595703125
746.5728149414063 415.51715087890625
746.5728149414063 415.51715087890625
738.1343383789063 409.8915100097656
738.1343383789063 409.8915100097656
728.8281860351563 403.6873779296875
728.8281860351563 403.6873779296875
723.233642578125 399.4914855957031
723.233642578125 399.4914855957031
719.7791748046875 397.1885070800781
719.7791748046875 397.1885070800781
716.6123046875 395.0773010253906
716.6123046875 395.0773010253906
715.6031494140625 394.0681457519531
715.6031494140625 394.0681457519531
714.6031494140625 394.0681457519531
714.6031494140625 394.0681457519531
713.6216430664063 395.0496520996094
713.6216430664063 395.0496520996094
712.64013671875 397.0126647949219
712.64013671875 397.0126647949219
712.64013671875 399.0126647949219
712.64013671875 399.0126647949219
710.57568359375 403.1416320800781
710.57568359375 403.1416320800781
707.2305297851563 405.3717346191406
707.2305297851563 405.3717346191406
702.623291015625 408.8271179199219
702.623291015625 408.8271179199219
697.6328125 412.57000732421875
697.6328125 412.57000732421875
691.2649536132813 415.1171569824219
691.2649536132813 415.1171569824219
684.7649536132813 417.7171630859375
684.7649536132813 417.7171630859375
676.4196166992188 421.88983154296875
676.4196166992188 421.88983154296875
669.5628051757813 423.26116943359375
669.5628051757813 423.26116943359375
663.1567993164063 425.8236083984375
663.1567993164063 425.8236083984375
658.3364868164063 425.8236083984375
658.3364868164063 425.8236083984375
653.8637084960938 426.9418029785156
653.8637084960938 426.9418029785156
647.9249877929688 426.9418029785156
647.9249877929688 426.9418029785156
644.581298828125 426.9418029785156
644.581298828125 426.9418029785156
640.3983154296875 426.9418029785156
640.3983154296875 426.9418029785156
635.9572143554688 426.9418029785156
635.9572143554688 426.9418029785156
632.7088012695313 424.77618408203125
632.7088012695313 424.77618408203125
629.5426025390625 422.6654052734375
629.5426025390625 422.6654052734375
625.0817260742188 420.4349670410156
625.0817260742188 420.4349670410156
621.6055908203125 416.9588623046875
621.6055908203125 416.9588623046875
616.8232421875 413.3720703125
616.8232421875 413.3720703125
611.8314819335938 409.6282653808594
611.8314819335938 409.6282653808594
608.3770141601563 407.3252868652344
608.3770141601563 407.3252868652344
606.2659912109375 404.15875244140625
606.2659912109375 404.15875244140625
605.2567749023438 403.1495361328125
605.2567749023438 403.1495361328125
604.2567749023438 403.1495361328125
604.2567749023438 403.1495361328125
603.2998657226563 404.1064758300781
603.2998657226563 404.1064758300781
600.4008178710938 406.0391540527344
600.4008178710938 406.0391540527344
598.3782958984375 408.0616760253906
598.3782958984375 408.0616760253906
592.8131103515625 409.1747131347656
592.8131103515625 409.1747131347656
587.9447021484375 411.6089172363281
587.9447021484375 411.6089172363281
581.4769287109375 411.6089172363281
581.4769287109375 411.6089172363281
575.7705078125 413.8914794921875
575.7705078125 413.8914794921875
567.7149047851563 413.8914794921875
567.7149047851563 413.8914794921875
562.6927490234375 415.1470031738281
562.6927490234375 415.1470031738281
556.7214965820313 416.3412780761719
556.7214965820313 416.3412780761719
551.9447631835938 417.53546142578125
551.9447631835938 417.53546142578125
550.9236450195313 417.53546142578125
550.9236450195313 417.53546142578125
547.9236450195313 417.53546142578125
547.9236450195313 417.53546142578125
542.3497924804688 417.53546142578125
542.3497924804688 417.53546142578125
540.2117309570313 417.53546142578125
540.2117309570313 417.53546142578125
537.2117309570313 417.53546142578125
537.2117309570313 417.53546142578125
531.8509521484375 415.3911437988281
531.8509521484375 415.3911437988281
530.7697143554688 409.98480224609375
530.7697143554688 409.98480224609375
529.7697143554688 407.98480224609375
529.7697143554688 407.98480224609375
525.6854248046875 406.9637451171875
525.6854248046875 406.9637451171875
522.501220703125 405.9023132324219
522.501220703125 405.9023132324219
521.501220703125 405.9023132324219
521.501220703125 405.9023132324219
520.501220703125 405.9023132324219
520.501220703125 405.9023132324219
518.501220703125 405.9023132324219
518.501220703125 405.9023132324219
516.501220703125 405.9023132324219
516.501220703125 405.9023132324219
514.501220703125 405.9023132324219
514.501220703125 405.9023132324219
512.501220703125 407.9023132324219
512.501220703125 407.9023132324219
509.4677429199219 409.92462158203125
509.4677429199219 409.92462158203125
507.4488220214844 410.93408203125
507.4488220214844 410.93408203125
504.4207458496094 412.9527893066406
504.4207458496094 412.9527893066406
501.3423767089844 413.9789123535156
501.3423767089844 413.9789123535156
498.3423767089844 414.9789123535156
498.3423767089844 414.9789123535156
497.3423767089844 414.9789123535156
497.3423767089844 414.9789123535156
494.3423767089844 415.9789123535156
494.3423767089844 415.9789123535156
492.3423767089844 415.9789123535156
492.3423767089844 415.9789123535156
489.3423767089844 415.9789123535156
489.3423767089844 415.9789123535156
486.3423767089844 415.9789123535156
486.3423767089844 415.9789123535156
480.7698669433594 415.9789123535156
480.7698669433594 415.9789123535156
476.0574951171875 415.9789123535156
476.0574951171875 415.9789123535156
471.4869384765625 413.6936340332031
471.4869384765625 413.6936340332031
465.3946838378906 412.4751892089844
465.3946838378906 412.4751892089844
463.0782165527344 409.0005187988281
463.0782165527344 409.0005187988281
457.1888732910156 406.644775390625
457.1888732910156 406.644775390625
457.1888732910156 403.2232666015625
457.1888732910156 403.2232666015625
456.1888732910156 400.2232666015625
456.1888732910156 400.2232666015625
452.97869873046875 397.0130615234375
452.97869873046875 397.0130615234375
449.68035888671875 394.8141784667969
449.68035888671875 394.8141784667969
447.6620178222656 393.80499267578125
447.6620178222656 393.80499267578125
445.6620178222656 393.80499267578125
445.6620178222656 393.80499267578125
444.6620178222656 392.80499267578125
444.6620178222656 392.80499267578125
443.674560546875 392.80499267578125
443.674560546875 392.80499267578125
441.6996154785156 392.80499267578125
441.6996154785156 392.80499267578125
439.6996154785156 392.80499267578125
439.6996154785156 392.80499267578125
438.6996154785156 393.80499267578125
438.6996154785156 393.80499267578125
435.6996154785156 393.80499267578125
435.6996154785156 393.80499267578125
433.6996154785156 394.80499267578125
433.6996154785156 394.80499267578125
431.6996154785156 394.80499267578125
431.6996154785156 394.80499267578125
430.6996154785156 394.80499267578125
430.6996154785156 394.80499267578125
429.6996154785156 395.80499267578125
429.6996154785156 395.80499267578125
427.6996154785156 395.80499267578125
427.6996154785156 395.80499267578125
426.712158203125 395.80499267578125
426.712158203125 395.80499267578125
