-49 -0.2407606796618379 0.2103318236437958 -3.0787608005179976
-48 -0.09802286300046192 0.12283126817994519 -3.0159289474462017
-47 -0.33563108911454087 0.26544076368262204 -2.9530970943744057
-46 -0.0712748251885423 0.16230456728935508 -2.8902652413026098
-45 -0.4089275753105085 0.18972817053811233 -2.8274333882308142
-44 -0.010627270936289061 0.2618539196599439 -2.7646015351590183
-43 -0.30387358612079896 0.08419954608092738 -2.7017696820872223
-42 -0.08391668733718212 0.319873411095771 -2.6389378290154264
-40 -0.2000419463902371 0.21900551977840377 -2.5132741228718345
-41 -0.27793891061580006 0.10189923868497232 -2.5761059759436304
-39 -0.23445915833833447 0.09666476384470946 -2.450442269800039
-38 -0.2096469022834548 0.25364649722135996 -2.387610416728243
-36 -0.2628539234302783 0.323914791459371 -2.261946710584651
-37 -0.3837841789194947 0.21630892801352808 -2.324778563656447
-35 -0.22302448172787834 0.09399408461018116 -2.199114857512855
-34 -0.13732478806971538 0.20538172545008393 -2.1362830044410597
-33 -0.4550493234191893 0.3714878772278982 -2.0734511513692637
-32 -0.17468129000440225 0.18172704392791822 -2.0106192982974678
-31 -0.5973542432556822 0.2793425147915447 -1.9477874452256718
-30 -0.08360747863220552 0.3198629490148705 -1.884955592153876
-29 -0.48116968985185177 0.2176494066394977 -1.8221237390820801
-28 -0.3396943372381751 0.3882627838613663 -1.7592918860102844
-27 -0.27874465592401554 -0.035428528833528795 -1.6964600329384885
-26 -0.410551415190953 0.36130840954692384 -1.6336281798666925
-25 -0.4654179256695137 0.26148426011996095 -1.5707963267948968
-24 -0.3625024715334489 0.328633104017118 -1.5079644737231008
-23 -0.43074297969078884 0.3371906702843496 -1.4451326206513049
-22 -0.33892941950075905 0.4897500717096044 -1.3823007675795091
-21 -0.2411029081214403 0.4813566881340009 -1.3194689145077132
-20 -0.5144554641795271 0.352580854042981 -1.2566370614359172
-19 -0.5918492775114628 0.2690705071004576 -1.1938052083641215
-18 -0.3327057399072504 0.3951145457019683 -1.1309733552923256
-16 0.36768354075240883 0.27105221432265747 -1.0053096491487339
-17 -0.930667425057194 0.779547885083402 -1.0681415022205298
-15 -1.236749409119131 0.40209187005803143 -0.942477796076938
-14 -0.40167445225611365 1.3989696923230874 -0.8796459430051422
-13 -0.17409233088177367 0.11365457337829618 -0.8168140899333463
-12 -2.128738098915179 1.3995189552374172 -0.7539822368615504
-11 1.0449719913959274 -0.23305216460505487 -0.6911503837897546
-10 -2.4607822890353543 1.1322834360763974 -0.6283185307179586
-9 0.31720919602321307 1.6445749610121998 -0.5654866776461628
-8 -0.9858768658888437 -0.8057193368175594 -0.5026548245743669
-7 -2.1269048039747016 5.269290369413406 -0.4398229715025711
-6 -0.7035139804182949 0.5734111635517093 -0.3769911184307752
-5 -2.9134270933630706 2.429592179590807 -0.3141592653589793
-4 -0.0810683495323597 2.915019564215502 -0.25132741228718347
-3 -15.770640184033166 3.4051266322290723 -0.1884955592153876
-2 10.114881150005255 13.479428252556307 -0.12566370614359174
-1 -42.066463608235196 -66.91745887124819 -0.06283185307179587
0 695.9983759653046 383.7504974014561 0
1 -151.81623124579744 292.4965561846207 0.06283185307179587
2 -28.786512682841757 14.92033409960817 0.12566370614359174
3 47.620682699526206 -10.446364780396419 0.1884955592153876
5 4.795332658507248 3.381707079887608 0.3141592653589793
4 -10.105540349730456 -6.099949845912143 0.25132741228718347
6 0.12694553672741632 -2.319832700555437 0.3769911184307752
7 1.3204861706243167 1.0090911432456147 0.4398229715025711
9 -2.3166030227079437 0.28331686165474407 0.5654866776461628
8 2.763054357403874 -2.887815350648255 0.5026548245743669
11 0.474272944146773 -1.6921622478867433 0.6911503837897546
10 2.3734259395945476 -0.8724221838763316 0.6283185307179586
13 0.5788908521616662 -1.5810984595176643 0.8168140899333463
12 0.9308085322372063 0.1403782188295448 0.7539822368615504
14 0.864358057160988 -0.04447960299332001 0.8796459430051422
15 0.6065631749712089 -0.3411628515531005 0.942477796076938
16 0.16828452876182928 -1.0462056172281675 1.0053096491487339
17 0.5759995355492534 -0.17026980863342855 1.0681415022205298
18 0.5362855747570585 -0.9218776174024756 1.1309733552923256
19 0.5630407182847087 -0.40263000220126094 1.1938052083641215
20 0.3235131657255128 -0.3858181379183211 1.2566370614359172
21 0.42904126452309166 -0.3940102077202569 1.3194689145077132
22 0.7547073139479223 -0.3601375214130117 1.3823007675795091
23 -0.016472432468883812 -0.47646784337670356 1.4451326206513049
25 0.10081283258727526 -0.37318789257872675 1.5707963267948968
24 0.4774891066237831 -0.43390083629247017 1.5079644737231008
26 0.6123156752443575 -0.2303636961598705 1.6336281798666925
27 0.2815404588096686 -0.5239209574918836 1.6964600329384885
28 0.32248727919949766 -0.041338486813612116 1.7592918860102844
29 0.4809055073100448 -0.4810687677086719 1.8221237390820801
30 0.31996186033700896 -0.26302468276113666 1.884955592153876
31 0.36118658337934273 -0.08354306893570743 1.9477874452256718
32 0.28838132885815737 -0.4706436162311078 2.0106192982974678
33 0.24410675548459573 -0.025792913751977273 2.0734511513692637
34 0.43517286820202705 -0.34686313612224223 2.1362830044410597
35 0.02676033422470768 -0.22166438660952906 2.199114857512855
36 0.40135275202415516 -0.14722069608786428 2.261946710584651
37 0.1476199401284452 -0.3721193345148342 2.324778563656447
38 0.4202056619452927 -0.036172403069487866 2.387610416728243
39 0.10563154885387618 -0.2043045018162477 2.450442269800039
40 0.3500738796765821 -0.12976800157772952 2.5132741228718345
41 0.24201487604292665 -0.31167907787059707 2.5761059759436304
42 0.2783478236866965 -0.2276373837154568 2.6389378290154264
43 0.10515900193862676 -0.171118128579928 2.7017696820872223
45 0.11742137356623598 -0.15978695617476316 2.8274333882308142
44 0.24391007443650117 -0.19228701361857678 2.7646015351590183
46 0.31189659637517003 -0.2291088082332856 2.8902652413026098
47 0.07769018955128593 -0.09252444814935636 2.9530970943744057
48 0.3524556987435494 -0.14061765310528485 3.0159289474462017
49 0.021190526858922337 -0.16746114625096906 3.0787608005179976
50 0.3169565601924611 -0.0798799150499912 3.1415926535897936
